40673
17888
47779
38881
46614
26933
25392
43722
38033
13775
21828
28492
18324
33499
11857
37049
11516
31911
27051
15350
48115
6271
195
34880
15272
24842
25372
44508
23329
37823
36867
11240
36279
26840
29271
41698
21559
35408
36135
38754
18153
10714
26850
23972
42794
47101
22991
31894
40098
2636
33183
26246
3199
8877
27313
45570
20048
27665
36747
576
25534
36033
39100
34865
40284
21152
46604
36424
12773
14585
32401
43385
49294
20257
14409
7702
44359
31795
25069
1219
46697
19925
16360
12055
7765
28495
12239
36183
49715
8482
38703
31696
12787
37841
41836
8392
9315
25191
9298
41903
1313
40766
33281
18553
31041
403
31548
45129
16906
15058
41535
42122
4278
29723
15246
30634
44089
6418
30254
34880
14947
43139
14933
31205
20761
49150
49203
42650
7627
8383
9211
39218
44848
3301
34600
11986
22948
22588
12553
1892
15423
39970
5755
39504
43907
9995
18589
7045
37487
11951
28107
13622
7324
35922
14359
27558
16514
42451
49614
3446
17978
42571
23616
32254
34741
15122
6864
29677
1589
41244
44792
21482
20400
19688
13562
44191
19059
39452
43213
7265
9535
17863
9134
33125
41078
11563
46286
44396
42713
13932
9852
13530
42577
17815
13426
43314
40179
16856
42237
43587
12988
18963
34966
32000
34648
37439
33899
41464
25474
4839
40463
19537
18739
32810
9029
27209
34126
5341
42776
38896
41164
38127
24721
14810
25423
15692
43739
12385
7915
30460
43972
2031
21419
47039
39237
46438
2522
28718
19837
36498
28350
49641
32978
290
544
7573
10829
26792
21696
10818
42488
6026
40116
8428
22994
28950
15508
28573
15343
4420
17422
5392
11948
41473
3131
11735
27568
32721
4437
13199
40813
27270
22291
31599
19689
26687
30340
29117
37486
41089
18870
3926
49950
41389
13787
4880
17658
9368
23520
25965
38957
15450
18918
38686
35668
47725
14409
19344
24756
29264
38232
33982
14372
15470
29965
11919
36005
20328
40327
30453
20135
41090
11611
25293
39708
4576
16175
24783
33790
11312
12999
6135
14443
14420
35341
38564
22921
27464
120
6271
11517
47457
36855
21545
6537
24638
42594
41915
48384
17162
16726
27077
40629
18584
42991
3751
28678
24010
19222
44026
40654
36573
6689
7476
20175
37404
35473
29719
35749
294
6058
31664
22117
40150
33686
23195
462
15310
25165
12703
31740
37617
29417
21227
18344
16315
46886
24200
46668
27265
5739
47408
45560
36116
3912
565
45393
38850
22617
33653
39916
22865
10469
15443
5981
41225
48552
48853
42027
15545
30548
25744
2995
97
5732
1697
13591
26789
29732
28556
31795
29181
43889
9445
49654
4853
40313
5937
29866
9546
41181
49372
42182
3440
33680
32182
6817
38352
14133
13773
33473
29133
37033
42832
41903
21900
28580
45549
21586
7654
8474
31215
16244
30066
35734
6612
37722
19686
11789
43100
37363
22199
33355
48117
33403
29014
47478
47103
14081
4367
36991
39563
26087
1403
35785
6520
31418
26778
21513
46382
33541
5026
2397
32659
43241
7931
39234
34353
35805
48810
32017
37467
10423
31573
34254
18087
26445
33767
21277
43923
16959
23588
30855
26382
2953
1127
2251
7036
24105
48456
30871
8657
6021
4810
39036
21913
31208
8779
18189
4718
12037
21815
15632
33390
45684
21930
479
20923
43034
18621
47353
31715
28578
41164
9046
26877
47696
29774
10220
39230
32719
8515
38093
30591
36971
42495
3946
11618
49776
1786
32513
41188
47830
14684
3383
27753
20859
25869
41115
26454
7024
2218
26696
17684
33326
38542
9349
2924
32660
18323
17292
9792
26186
3193
13441
23177
14259
6591
23240
14196
49133
23219
42146
47370
13010
23905
31454
46616
19423
17059
12719
8526
2956
30898
18643
18364
33559
17042
12508
27335
7180
24697
37263
9364
39849
15938
26854
37876
36500
34071
46975
13082
15299
13294
44316
32636
45802
37643
30185
47058
34740
33368
22853
8944
17934
40318
27360
41423
44301
28495
6236
14752
35001
40549
9695
14608
47689
10290
10622
28351
20278
25277
5544
43407
26212
8930
19343
34158
49255
34050
7407
19876
24651
16676
15036
26088
12474
12955
11890
43067
29422
38443
31621
44043
14452
9933
26397
32325
20456
31466
46304
32051
9237
44164
35806
48612
34442
38720
2501
22359
21902
40017
41403
30134
14444
24671
17307
31902
40291
49140
36793
46903
39886
12525
1026
19926
14572
9133
10040
30946
25600
23211
23475
32350
40155
12750
9766
20570
49173
25955
4155
42015
32141
41024
4825
5135
14760
22063
25936
28990
28138
39516
29146
448
26110
32227
38558
29051
616
26171
29762
18848
44467
12954
15503
42146
40087
10047
10486
31510
29441
44695
23567
35226
7745
48835
32760
42813
36034
8796
12405
45637
38815
6929
10645
14429
24608
33462
28243
24966
22253
8840
32056
8445
36205
18777
43209
3821
47041
46732
34659
6034
35135
43846
43930
6198
18433
28475
18095
9027
42885
21848
42033
13954
1335
6634
1776
14828
48075
27080
42034
2098
19793
35258
39345
49209
5368
31434
42022
36222
47310
26988
8619
13849
13944
21799
15853
8088
9240
29041
13096
217
14931
42872
13816
43087
41101
17708
30712
49995
23834
6818
19310
42105
25521
43995
104
21384
37752
48208
8983
3733
14163
11666
48068
31026
20089
46121
49184
27233
13491
33008
3418
35740
27269
44937
2277
40518
12608
42517
4490
30658
5323
42278
19310
16632
5122
16058
33672
33478
6923
10561
22213
28236
6520
28805
32118
45205
5155
27618
22732
20124
5085
37102
36348
48845
46045
32087
14311
18609
45405
7817
16199
5311
25825
27682
20669
23683
15319
10816
12212
32952
5306
26679
40368
23329
31684
44851
47933
22676
7627
14434
32129
21320
5472
2120
12281
33552
20091
4860
4614
26213
26404
41842
17588
8005
10748
22308
1870
30999
1798
4356
19097
34050
10945
26710
43929
15157
35480
37505
5034
6729
9432
23386
42415
15262
5975
34047
861
39701
21373
7376
266
12661
12429
36972
22739
13468
17577
44208
21691
44189
11123
48607
34062
22633
6080
612
30255
45304
18148
16661
22869
36017
48130
32842
46036
27124
41653
24587
4795
10026
2380
43580
38071
39154
140
32195
12594
16933
22569
20925
22868
14050
17061
26747
20740
22993
27874
40177
39349
7416
44899
39324
13733
21011
19720
905
16954
2747
24304
13584
34156
46649
30192
37548
15364
32481
32183
43528
49460
26296
21241
23010
22790
7127
11464
34061
36368
25006
42669
3439
44720
12556
24349
38980
9049
44819
1839
35301
10642
10192
6004
4700
18421
10464
36359
39525
21729
44877
8426
2100
16654
5114
32194
45417
5742
13165
18299
33282
39074
29878
38719
45096
23982
43457
10714
34539
30240
46600
34622
2796
11153
21108
27423
21586
41474
41518
3270
8920
22510
33725
43158
44470
44226
13993
11868
13362
36965
25951
16788
36736
9373
49561
42404
20870
32530
32010
27835
25156
8807
26449
6955
44544
34389
30912
28505
45852
42799
40300
19759
9019
11655
46448
45004
11964
14647
41997
3842
17447
28334
11397
24006
4443
14712
1703
40459
39404
3448
455
36281
31867
18761
38494
10546
30754
27664
23531
7561
47997
8908
3575
30740
4879
9452
31729
22622
46267
33099
6023
26477
2746
21982
38886
31351
27825
10732
26612
30885
33463
48815
46521
32873
41576
10973
9375
44512
14199
42881
44180
5651
11368
36939
25196
36188
18157
27208
6726
42717
7758
1349
21188
37613
46716
40407
17106
1599
16159
2990
49524
43808
28079
38512
12422
10797
9290
46244
12222
7859
46180
45901
40367
19212
40920
10009
18104
7492
27157
2339
35537
30930
15417
36394
27783
23598
116
7311
44294
40952
2001
22632
29711
46362
5374
33415
16074
31098
28664
13178
1612
4382
45400
22930
15967
12832
9836
45371
32803
41800
36
10169
13321
22686
12996
29708
46839
17641
48114
29793
4353
12969
24487
31069
34975
33176
41936
28394
46679
24757
17898
43784
25549
45900
49552
36927
21166
2472
22932
35435
19573
13149
32138
6289
48000
42909
5984
37103
6138
1829
4562
29406
37075
7448
8591
5965
35489
139
34464
43651
37845
7692
10621
30972
31638
12859
40984
18149
47297
46257
29550
49050
42812
43979
42471
40828
21606
1038
48634
15656
40100
6192
9429
22064
26472
48949
5061
44483
5790
16869
47155
40541
48151
35715
45926
41082
8092
28543
47469
22851
48338
23593
42473
11170
14757
19857
19250
36140
39428
28217
17836
226
9448
15363
32302
2437
13842
1771
29739
7654
48111
12804
18975
29479
15603
7008
40207
49450
30672
31394
44199
44943
14433
6255
42680
13229
47878
49622
28845
14209
8400
24223
6469
28907
10879
27068
10102
36648
24007
47852
46153
2843
5866
27102
47560
23298
18589
36182
5807
31541
37532
2758
41936
28363
48788
25356
33636
23944
2167
23743
32243
31031
26753
45362
22790
855
410
1577
24249
42044
27958
26484
34438
12678
10173
10281
18486
6563
30542
1586
29737
37756
3553
27621
25870
35239
32947
42035
10689
10549
23066
42491
35294
41597
13121
32759
16160
45883
8126
40901
20628
4661
33237
42639
43740
27293
21483
29503
43003
35746
25663
3906
39326
8036
2913
8726
20028
42826
45143
49841
38992
33969
14537
29202
35116
507
36905
40912
33532
31946
21779
46119
30498
32724
40806
35894
575
15314
26156
21058
16144
1596
44022
16233
35026
10019
9045
39532
33581
2069
27492
16315
35898
14832
24673
32838
7289
38057
46384
10094
45991
32462
21183
677
25509
11790
12502
24969
12839
1189
40536
43494
41129
39193
4136
6334
22029
41312
21257
22642
22939
29993
43936
16214
49037
47456
43836
26947
18337
18192
29296
49787
17265
28578
49035
9211
14145
35874
28446
47319
1302
24708
47232
43269
38174
36139
35079
30556
23971
32367
37299
47009
36915
29738
6916
934
14784
35950
47565
21530
42774
36432
21225
6668
20110
21811
12943
49890
26471
23809
14481
14924
24018
38181
3441
14307
13775
11408
20935
8384
23857
29050
13289
8749
43286
36277
23225
39895
48278
37490
44444
34584
24129
12439
25215
46259
49177
32181
26496
3939
21760
48307
47419
6505
35944
34777
1178
35904
10200
36120
13124
24540
8612
45711
17121
48255
18252
33461
196
2036
27676
7381
28760
9270
31404
41596
2294
6368
4486
15164
24137
35628
30494
27812
16748
49127
2376
47613
45614
42370
30851
32187
13280
15389
7239
14615
21128
36365
16592
29774
31724
13533
13646
35856
32711
4986
9879
41594
48941
14192
30656
23667
37430
4548
39888
42557
37446
6843
26144
40658
18211
45866
976
22901
4863
35945
11515
22419
4855
49422
5158
7465
4164
47263
26488
36962
49416
26137
29618
4069
33670
4637
19306
8726
22348
19301
35621
12171
7943
20409
47591
12228
27854
1394
38457
28733
1409
40144
22831
41240
25061
7370
63
42435
19378
11197
28926
46670
26702
1187
24846
45568
42658
4631
44999
28204
48011
30155
39965
40683
16519
44684
14373
48917
17012
39961
38586
28179
31255
13210
35302
46380
28863
38703
14909
45862
37162
18542
38119
43490
8593
34596
5284
7498
3529
29258
26128
30722
36401
10295
14240
2141
3476
16140
49344
15083
15086
36465
38559
48103
35357
11122
42174
18775
37727
36130
24777
5419
15841
41158
5515
4979
49949
31933
8182
2696
35271
32678
47489
17866
47084
44577
44545
44969
10595
577
5878
27600
19124
48998
26073
33829
16488
27791
5302
30926
5310
37060
7715
28718
7223
18374
35627
32815
862
12220
38265
14510
19442
21742
35983
7237
24230
28000
43050
24406
25043
16737
7670
4275
27820
28925
44121
34413
16127
36850
34455
5578
48971
33613
37852
49708
35932
33738
33211
46333
39716
30416
7270
31758
23797
25520
10912
28161
6953
8126
19635
34582
24217
35791
18067
1198
32446
16229
20495
49392
25425
33735
45672
36081
4678
36999
41269
10291
23938
10046
41612
42810
44556
29740
33606
44076
7996
31135
22759
6430
25596
41845
5804
35210
16188
35808
49682
41621
48128
10598
4556
46660
45725
6998
19268
33748
21398
3861
30946
28708
41725
11422
26017
38796
6393
33731
39369
7805
32082
1530
10416
35505
23490
44719
34881
46988
37102
16848
46536
23837
22206
37320
27774
19428
11148
31980
9758
38550
5787
37042
4169
17522
26232
17010
11058
2037
4954
18951
25255
11555
44320
47893
30089
1673
49811
36658
7535
4299
19630
29307
26391
6754
6158
13588
42906
43772
35654
24926
38311
2209
40063
15546
17226
16531
30556
914
49801
21878
20610
12045
39435
43325
4514
3630
25562
32518
40238
22312
6359
22124
15428
331
26922
25878
7178
5399
29495
30007
7072
37831
15523
36927
46979
16352
26779
10904
38203
32316
33753
2208
26195
48064
42687
1401
43330
8016
46459
11072
35572
42990
47783
41687
35611
36931
15902
31754
40226
13591
48086
49192
22754
48769
27774
21527
38107
46902
20964
4563
13020
22122
9647
5587
1739
33221
36930
2732
49144
14329
36894
28255
13701
6192
23781
27923
19923
26627
34161
47344
1365
41591
16607
1437
5189
41334
39909
3256
3245
30838
24222
7121
5127
6072
10226
24263
6507
47479
47870
23399
1370
610
15924
46679
44751
45722
16926
3184
9908
24629
11745
26732
34265
36803
24264
27434
12572
24557
3421
6387
42751
15702
42265
8630
34386
43452
4788
28484
16061
41409
22964
27729
34206
7580
15484
35690
42133
41008
16923
13579
4198
31085
13487
25624
5486
29813
44721
508
10861
41997
49387
30667
45875
17644
378
9761
18369
16784
44872
16729
12225
40986
33765
17825
13298
776
39162
29288
16214
27
14812
23132
49134
8585
23531
11021
37075
35444
23740
28437
1615
23034
18246
8135
814
6533
11000
33161
7766
40001
33258
12695
27788
21068
44413
209
40473
9110
40782
11951
46069
49265
15419
13184
48238
4468
23135
42928
46635
32415
37173
8911
40598
48607
20888
37550
13863
5606
39789
22079
42226
31129
1753
1780
26627
23499
34756
47202
36785
8829
48724
24464
17174
38959
44849
44711
48432
42189
8214
12485
47463
25780
44045
1596
16530
38861
14282
15116
28163
7118
14016
20066
30364
9831
33025
844
20250
18591
7
12668
41781
41902
13378
26585
13190
49946
36929
8486
24362
17328
33239
9754
40338
21540
49470
26827
11912
42951
3233
10625
36335
10262
30339
3064
1462
25150
35558
35535
40525
21304
26573
48213
16095
22922
42647
37263
10178
36306
38673
15914
11570
22746
26511
8823
37899
23389
5442
20289
10419
35894
6912
7126
35064
4480
25470
16320
539
10759
30820
8120
45834
3035
14343
22692
35632
47444
26740
19561
5459
13724
42032
23612
17955
27221
4415
25446
42957
27404
6151
5273
41598
49471
407
14648
12483
23332
7089
45923
22013
28527
26054
26228
42596
47289
34779
34018
16907
12081
30392
25092
5597
17636
44472
24700
26470
29380
47530
45662
7072
6703
32264
6648
47793
5584
46388
37426
21870
43853
32764
37588
3532
7959
39594
41714
19045
35812
27602
14726
24882
35272
44910
43582
5792
35780
36298
1465
19243
39000
5420
48772
48807
14352
30688
3965
21051
2204
7508
22031
16503
43843
3711
8174
894
43127
29968
11034
19640
23807
29040
37969
3754
15923
42552
38357
44241
41420
28173
33179
46066
33144
2918
49703
32767
19734
32321
17989
17504
2865
39104
15076
23787
47338
30156
24268
19898
19366
40800
13418
1873
39915
3927
14890
43642
42778
41483
7382
42090
18127
34632
37159
3798
42107
19349
16795
1606
48644
25972
9440
28281
22017
13853
36533
47502
48750
15615
48666
12932
1914
45975
47830
3956
43337
11782
17591
47659
35831
14806
5668
43290
45345
11818
31664
18200
11681
15018
15110
34850
23176
46376
1704
48157
14498
38656
18799
46164
1836
10880
27896
11536
25329
11456
6813
48507
38224
42122
18480
13936
48622
36839
5384
4858
14353
49893
17812
29673
1992
13621
14822
13133
19294
33906
750
2360
20207
15149
12767
17352
15307
14208
41736
48306
32704
2948
23787
37149
38061
38183
26051
40635
10584
19499
30259
30632
39560
27749
22323
9416
36964
44572
8862
13423
188
24882
23518
31186
23046
47380
15274
11977
32650
30860
22101
43510
40166
24493
38453
27796
15405
21965
1240
33803
20221
19307
27197
27305
4801
926
33187
35008
10380
40592
25299
5157
28309
38969
11878
5045
15600
40832
4950
39261
6913
39525
25708
6152
43484
43404
47356
36317
25811
7353
6738
31570
21257
14068
39116
24077
44419
10376
49102
16469
39630
30615
44035
35709
23802
33390
1116
47981
18927
42857
46168
43040
48656
46783
47377
15317
1220
14567
11205
4342
33501
17576
438
20973
15379
22865
17494
10851
22519
194
18131
39667
9450
3840
7578
35972
27829
32670
29136
10048
20505
47401
16260
24690
38026
552
24404
20031
25453
47963
48753
40128
29844
22984
3513
12045
25799
30107
10459
45942
5798
20911
29490
23422
21481
34738
33597
34729
9851
45087
8817
1479
12155
29004
31455
1686
47118
34999
2116
6502
8699
2411
25070
36038
29267
16679
464
30499
7375
34026
31548
29053
49658
33227
12413
33724
16166
29038
5630
22438
885
14973
13070
29648
14102
4911
25692
42190
28963
8186
47327
12246
30631
37704
21548
47525
25597
27681
8832
14866
40203
2990
45015
11322
6960
47727
3945
33005
41993
9028
48768
29675
29372
25827
45147
4409
21085
4351
17667
48063
36012
16647
11935
5811
4974
15258
29150
47778
23562
24932
48364
1463
7529
42425
32893
17546
20836
11855
35455
2035
33946
40899
18429
30796
20149
49604
5601
2541
35170
38005
28485
21510
33964
43051
19139
3703
1344
46494
26797
13795
45434
12976
46964
43021
22795
7327
41223
30917
13049
6364
18283
49657
42052
5746
8087
32754
31509
11150
41184
36082
22025
31611
26113
15858
12321
41098
42935
37497
42161
45733
36746
40979
22924
14525
34994
35293
44745
16399
18860
18904
22672
16263
38348
42699
40839
47816
14675
39135
46127
37154
12868
46320
32759
12893
784
1396
26476
11620
39752
36124
22441
8710
16931
28534
2672
31847
39626
20184
17254
40041
38492
11113
47059
25241
21115
41235
32239
49658
14112
11325
24995
7231
11554
46460
33610
19465
11580
3609
38899
6991
836
2934
49647
9937
8198
5246
17126
33221
32317
10132
7008
30386
26301
44268
35669
10507
29349
48092
36725
33633
43158
37523
22823
43233
20056
49101
4051
16343
35699
33087
20784
33444
47861
4728
29237
28754
38089
40203
30169
39933
8731
47610
751
44533
23648
24407
36376
28675
16768
38134
9076
6622
13507
41147
28475
15213
20658
42485
25895
4290
37923
36592
32196
31033
21300
27998
36387
24172
12753
46069
10597
18784
24663
37073
8607
18833
13323
47261
25007
30388
42904
17398
11111
2005
27953
15836
8328
20206
33713
15602
42130
35797
34281
36517
25257
12663
5329
5036
25323
46561
44114
23590
26044
11224
29501
11509
16609
3933
24168
47217
42634
10005
6721
46138
45452
12702
34171
30679
16004
38362
47785
40291
111
44775
23429
19290
18696
16594
4406
159
20338
20604
38363
16752
28872
32089
5551
42968
1788
34628
10125
6246
45595
7940
31289
23650
12168
28466
43166
6182
42313
1112
43299
33214
14424
11528
43435
30072
9888
5654
10978
46989
35675
29690
31231
45268
17762
24905
24998
22241
39941
26650
36953
37422
26064
14315
10760
36716
34974
30670
33690
30526
27077
19424
33740
7567
48220
15382
8332
21564
8917
44325
10602
29131
23334
32823
3114
24374
38097
33693
31415
40684
41094
39393
20048
40836
22796
26515
14969
34091
48599
32275
28608
2898
5428
49636
44868
44186
32749
8645
28665
45585
17701
30361
30062
11012
22952
3284
6145
2589
18672
17892
29689
48580
35984
13973
49412
21285
39978
31891
13372
26071
18614
16601
40946
4464
6280
43306
39388
42116
9636
20300
45837
15915
23263
36006
44601
35538
15108
5629
29254
47447
10558
46527
8787
30134
21525
16858
2703
44935
29333
22659
23282
45879
45357
35845
5020
10232
26953
27317
44216
47430
38629
42803
3441
32847
25315
25657
22108
49431
33559
38022
17102
40506
8266
26933
36715
5598
22266
7296
24947
11800
3250
24946
39195
32059
11290
19888
18283
45911
41736
15112
7950
1853
7130
25490
37135
38498
3966
33391
7027
25690
8357
44772
43734
7927
26260
2367
39626
21836
34697
6286
28725
30207
31275
7063
21663
45657
41444
43054
43172
10529
3978
34254
49083
3749
12393
29754
17616
40129
23273
12130
38924
29736
17413
17137
49461
37704
40769
15757
12165
35748
48275
29106
39280
48418
36749
45031
4080
33198
26089
2661
37245
642
32587
43000
36395
46681
9899
10415
47316
48644
29604
28112
20276
30513
23824
33012
37585
13607
42822
26416
19914
14294
42770
11000
30369
1230
18825
4432
17109
28944
22657
45050
46869
17383
21137
20547
5781
33575
8233
21895
24679
36394
11641
25196
17797
42377
12442
29192
43029
32380
3095
19765
4126
44869
21837
2212
3495
26239
12859
30320
10625
42965
7792
12908
1107
29205
28877
34487
44438
10283
8950
32700
35443
41161
148
8356
6280
16965
6938
796
11814
38384
20476
29497
19279
41022
18568
48736
36322
22414
13496
8092
9705
23118
7878
36048
42992
42945
25049
6055
20780
17328
11709
21581
17089
30614
33114
11086
8251
2282
1362
19413
15540
30321
16067
35781
45728
38960
2899
14395
11073
2622
29357
35174
23957
8461
39203
25088
31142
1290
46565
12041
16678
39538
20545
36264
47744
33792
42935
12991
45235
42934
36453
24815
48698
23061
43438
41705
33703
12713
949
42204
36399
16900
40965
23804
8693
793
19844
20613
42933
42096
4587
20156
4814
39995
551
7261
36197
27895
41623
36363
18481
38849
37322
17406
21148
18849
451
45754
4409
35242
13008
41206
48440
20738
9996
34790
9105
4470
5916
44901
48262
41589
7347
21582
23912
25883
13990
24648
47033
42786
8462
45449
38509
24724
32078
18450
11252
42738
49264
10654
32845
8098
15031
42242
1783
15225
17009
16612
1191
42164
19744
43187
26848
31179
10833
14812
10761
8743
24684
14228
17252
28580
21343
41137
13424
19948
6969
21382
36769
29628
46290
2200
16446
44800
41213
9751
42583
44199
1092
23771
21385
33020
40404
38333
34393
41219
49889
39807
37429
48547
18883
9008
36784
7672
9966
1827
6926
26613
48454
36615
28839
18814
10082
32981
9537
48396
30260
18423
11658
27994
33432
35350
23963
17654
30028
29453
29973
32398
24839
12183
7095
39119
31531
45412
31833
30846
34197
41275
42933
4613
29161
5100
16844
2555
1269
37587
48770
41562
7575
21758
29820
25528
28584
30717
11108
40572
25100
44822
48534
39870
16859
14091
36444
27930
35891
7891
16834
13992
35604
42851
36833
570
3294
42328
9485
38439
46149
26011
12305
38046
33959
23443
36766
33829
1207
47324
5626
37655
17867
37227
25507
23156
19483
2465
13484
17753
1270
9314
5927
42407
39964
25616
21086
18462
3793
960
5482
26693
35520
42311
40311
39991
6925
25443
26495
29639
2583
28468
6384
41612
33005
31314
21952
13568
37651
6897
32312
4139
914
13923
49709
5762
39164
29586
11706
40356
48047
49333
2043
36465
3067
15580
35546
15678
8246
9083
20839
28568
23499
33267
41459
17465
22354
6670
45880
20210
45656
2148
10244
33186
34222
38798
23070
35394
23073
1165
8414
29312
27607
11623
34919
47694
13123
16812
22483
43371
26012
35361
7809
46317
1445
11825
45377
9507
11016
29017
28036
13839
9636
36998
9186
23634
45988
44054
20935
27968
45824
33392
43406
13143
21066
28194
16020
35849
9803
26635
19904
5179
27189
30578
17118
39421
27780
38109
1721
9222
4152
28372
49515
17397
32282
46029
26760
36425
15860
13624
18332
25862
21248
2091
23892
8782
18594
46171
7759
11338
12772
15854
5251
48173
17394
6097
44069
31701
7558
45256
34165
44794
12989
1553
29184
3245
17702
3315
12329
39567
49025
10228
43134
3741
22909
23171
23371
25413
29006
28320
14354
46793
27025
1344
22962
14748
1266
8814
34880
47668
6973
31102
20296
44341
28295
22685
49805
49052
30593
23264
16036
42092
46480
29126
44398
25007
15454
21127
31656
5863
18261
46305
6509
39554
39423
48320
35166
31817
11767
35514
11273
28788
30392
41719
44658
13514
41796
21193
35397
1501
32457
37020
21656
32714
30968
25562
18073
4545
40574
2209
13597
6775
8713
48009
45719
34895
14190
7994
46641
1225
19966
39265
2105
46981
7895
18626
28087
31692
32531
14339
10164
8123
20446
1892
10144
45310
18016
22033
39224
38078
28701
42444
17339
34594
10523
34199
19421
37844
24360
40911
15286
21666
3546
12157
42492
12182
42833
38250
1780
40943
6613
18617
28781
49884
18761
16978
35320
40340
25162
24198
36158
12438
9726
18688
46665
38181
2173
30058
455
16128
42599
14087
618
43349
25342
27319
41629
24669
27684
37240
8967
47743
12855
35046
34357
46586
17743
49006
40109
39766
37211
485
32967
19933
3405
47762
38879
2111
26470
12442
1548
19361
27340
19549
41858
157
21053
1432
5034
47001
10873
25827
34648
22507
32816
8167
1918
38490
17572
27603
43162
35238
3771
18926
2934
33289
43987
33352
3268
13437
23536
3069
6199
47271
14139
25786
39726
2031
29164
30164
33371
45527
43561
41471
11301
22965
15401
11925
20513
24567
23992
41967
48434
2472
16838
33016
28838
21245
17497
9908
13621
18310
40426
40445
47865
4815
31399
15618
37826
6238
3822
21933
25006
35996
18576
35308
10189
36496
5749
10511
4492
29294
18229
32728
19556
26096
33141
20604
10479
22292
44900
36052
19386
33232
34750
48588
47475
28380
37645
34716
35715
5413
88
8620
19435
34125
9452
23226
19997
12569
24000
15814
6286
30056
252
920
11606
15549
9690
48527
6124
2923
10857
7833
45483
28479
48770
34297
7899
41639
13770
13158
32909
17013
2829
32210
14379
48751
8712
24149
35229
7978
36882
29798
27361
42463
14429
49100
26016
11428
29611
13653
10369
36512
2635
7478
11091
20121
43517
18993
32813
27802
28450
30472
1138
6853
7443
12020
45314
6952
43334
49029
16813
24705
44177
3363
45004
37443
21869
22672
32929
6423
39170
38741
23704
35054
2508
11301
31771
38169
38915
11838
10910
43264
44453
1902
25274
26314
24789
25265
4288
7938
7924
45346
14847
7890
15156
48708
38601
3551
19015
41051
48390
10431
43680
20278
24534
6214
48828
32156
22400
5949
35310
27367
12779
26017
27862
18385
29520
45086
32385
2406
36196
17381
3037
37113
18425
24452
4434
3793
24864
48382
30828
3290
23715
27663
34351
31
44737
16296
45024
571
37956
45974
30245
12872
24144
26688
21163
3235
15356
3399
19433
44498
24562
48672
29214
33180
29593
45633
10644
44840
2396
22962
24417
48424
25018
1568
47516
19557
22324
48110
46549
42989
7444
19387
49435
21831
35885
35716
5318
21514
40648
20029
33034
49092
27789
1283
1722
25111
29586
7697
25495
8537
31644
47620
38176
19798
37735
31338
30674
49206
13939
40838
38995
17587
44957
19286
23066
44843
46106
29801
4971
5682
47414
41107
35639
20122
16606
14533
10470
20040
1822
39117
8967
22669
8735
15539
21296
24449
40267
29819
6148
43980
392
32856
19696
1918
40825
34825
13401
31712
40067
2914
3397
18193
224
7431
22730
1695
11174
32680
37823
19895
18161
24575
7555
26058
1556
14592
14044
18003
10229
34846
48327
29552
2457
31129
24154
34323
28876
3318
48327
11825
3231
11172
1683
36513
31111
39504
4674
40894
26908
18648
29600
18515
9285
19107
16132
8088
25603
32491
29319
2599
29900
43109
3262
18355
42208
33306
5594
464
46932
11298
7741
24611
29476
49161
25704
32004
21984
12663
28379
11710
16104
49428
8523
49090
5731
14716
10036
6911
39569
5803
31612
17963
21615
42344
49967
1137
8060
23868
14250
26590
39057
25250
49046
12373
49359
31171
13562
17514
920
15495
16726
7603
33986
1118
19406
6018
17911
39061
11281
13196
6925
25066
101
41115
8948
32483
48820
622
20667
10085
13708
24831
17948
32239
9829
8008
37828
22171
15320
46069
5645
32153
879
5279
19510
10276
18426
38165
31912
23239
374
42609
22432
46225
10426
1625
7013
37028
6980
49037
1169
4921
45603
17410
3978
41389
37767
23744
17742
11755
6671
34778
33519
34099
26739
7173
21069
9853
13531
17186
15156
48690
38561
3618
40812
5831
4263
34608
37028
9316
34859
4943
36465
27530
48960
35424
42071
13810
8873
44765
22390
40626
22183
22956
656
26604
37258
43164
32079
44995
47732
36051
14401
11058
40735
33401
16518
14642
5900
43082
46649
16162
4754
46943
36741
43335
13212
9941
11858
27798
43554
32720
26430
47860
24612
6430
35762
179
17092
47455
3108
2734
39747
30308
49645
21907
2027
28152
2874
6745
6503
32467
43530
43250
25316
4693
4419
7928
39583
48862
3327
46657
26168
22958
49946
40541
20480
49844
4400
14894
27417
35411
48648
25644
7802
17638
32575
29136
16295
18486
29430
29337
25646
28104
22697
36150
6487
46142
48084
17963
447
28138
29329
14887
35938
35409
6915
13878
18943
26519
32097
24445
34753
20972
27417
23
40863
16138
41533
21309
14882
45966
6639
35750
41513
23276
11174
31105
24236
47686
49973
7929
7324
3303
23437
42276
47177
22886
185
24005
28911
8166
1374
9081
43455
23492
24349
23602
36553
13443
40286
35782
20586
34907
18078
5270
13479
45388
48956
21213
35786
38499
21022
44128
45035
21319
15695
45816
2755
38762
47004
10932
42267
9960
26426
7427
8215
10209
19662
46582
5728
2059
11154
10057
17437
36749
38694
15446
16142
27850
39732
29012
12066
357
9084
17700
2711
32164
44592
3684
9901
41758
43355
40315
48628
44310
38808
26505
36702
17740
18827
41563
20679
20215
21516
15118
3673
2394
33092
43645
6425
22299
15661
17585
25369
8511
9331
31248
9849
25951
39013
47301
33722
31381
13954
41863
32229
6593
13868
22482
29472
31726
42412
40046
5672
7257
14132
46329
14120
41161
35383
47643
3638
39659
31060
30569
5504
40434
33642
19494
30753
4669
49614
27107
17256
20108
13538
32025
9613
36203
45204
14093
42519
7081
39162
19320
12469
25866
4569
30504
17406
12698
12106
46183
9994
44411
49504
2499
39290
20649
39072
8241
39889
49441
20365
28317
28817
29639
6661
21256
11783
48955
26720
7008
38619
19449
27985
40020
34633
2623
810
43350
5091
17479
40161
49064
10024
26133
20915
31784
14483
38872
30044
19844
2421
31444
17391
75
630
49107
10688
34765
23650
5054
39744
44928
16091
47349
8088
23762
14637
47836
14819
25432
16672
14732
40101
15536
15062
5324
17744
16478
47481
7471
32189
42523
27029
25300
30310
19582
10349
30180
48241
32806
21863
18101
33013
3482
26232
7937
38304
9389
11915
28519
1120
17021
38606
22584
23203
34328
22269
24033
21047
19623
45791
12574
29973
13566
38933
41818
2549
41327
9893
49699
38858
37970
31721
10604
6892
22629
10011
34949
43739
4653
5978
27988
29459
14677
6354
13640
24646
38812
12310
37249
4446
47577
41283
24401
49333
23509
6601
18560
2797
17909
39727
24252
42687
37149
2296
33221
17087
14476
28911
43966
37704
29998
27141
6671
10032
9530
7935
18317
38200
47495
33818
36531
27861
11135
23372
5820
5127
29055
46153
1981
4717
31581
30230
12719
49702
42298
6917
14110
9146
44887
20242
12907
30964
34422
35178
13051
46462
45986
28706
42836
13934
37194
43550
38311
11199
8600
15269
35056
37548
11036
17038
48333
29481
17432
18768
30211
34301
27239
31849
21968
42566
41351
18187
184
35066
11538
468
39131
39755
9788
48166
39769
53
42676
24742
3005
5557
23453
11430
30122
42354
8096
13864
35944
19979
34353
39018
19156
12619
27937
49065
28595
2344
11915
3582
25863
38931
6971
18443
48688
4563
4227
2288
21370
6069
19257
32952
8904
417
37984
39383
18096
24717
42276
34374
32263
9208
31381
21635
25147
41556
13182
24668
24306
45404
21292
2153
20490
5746
28421
49518
42512
23057
21570
29386
2265
7135
7825
12818
6047
8228
28820
29074
15089
22860
44138
37338
19091
24000
34644
20987
39080
33679
37467
27913
5903
43041
38879
4382
12171
7787
34880
6733
33918
42735
11804
18270
33017
32394
8627
30791
45396
28819
10239
18382
19880
43115
10695
3431
20218
31940
24857
4167
38419
21345
45866
32679
24536
38934
38249
11156
1661
39660
40073
27491
14710
47575
49102
15470
23453
42335
24123
11056
31337
3556
38531
20842
14880
47594
33588
15650
45603
25624
13796
45817
44483
3027
30766
42514
38679
8467
31091
19279
34914
24481
43472
25208
7462
22587
44068
31557
48236
48109
40148
10461
48483
39112
20513
37916
9390
49639
43810
34619
39481
30746
3997
5422
11510
17812
16628
43596
39550
18172
4383
14810
3736
22707
24139
48269
8988
46331
47993
26002
44053
39403
31522
16884
33425
44213
9845
6088
38841
32462
29064
24488
24999
28871
46497
21218
26190
10892
36657
7918
42583
20041
27822
17964
36839
48739
16442
36556
27774
35241
10443
13595
31995
12265
24235
11568
1514
4026
28045
46866
3576
5364
16789
13876
178
20683
2495
22390
33157
28134
22299
25499
4668
39580
37438
18788
748
29599
1584
21359
44924
47994
14271
16775
21495
36092
2284
45523
26379
9078
25744
41819
46785
10872
23205
38497
41472
1930
40981
10442
37354
11983
36460
12570
37456
18881
517
7854
15138
31861
48072
24874
628
11779
38856
46224
43560
48007
21706
21545
46163
4176
41351
33571
20952
18944
5599
10932
3533
8081
30595
6692
41987
40696
19200
9892
20852
41951
31961
34072
30668
173
48247
718
32623
22213
1449
40149
44155
3852
20130
40733
45286
21002
49484
3610
11241
20993
24367
30838
40672
27605
7639
37795
36186
3585
23657
16578
47157
20100
22406
20416
29154
40580
37339
37691
30133
46063
24797
48884
14264
21027
43661
13595
28391
48074
13488
34268
11560
26953
44338
47982
36223
23811
14226
1548
46042
238
1151
26372
8535
31211
43637
31167
40486
5713
16523
2783
32689
12375
21191
14369
5363
31361
25644
3624
13850
13425
41148
13745
43384
34074
20606
17444
43336
23179
39210
5431
23203
21721
33422
47934
43458
20475
47839
19409
44286
25192
9913
5993
8140
42307
43447
27102
24106
32767
16990
41306
31053
46691
21568
19388
26588
42770
47522
9264
38428
3249
41772
14400
1667
21957
22074
48186
24343
31967
23309
48521
31232
48377
27138
16037
35789
9057
5399
22629
14267
8224
49141
48582
18146
6037
3272
19756
11492
37621
1729
4815
22715
30154
37060
43260
23021
34045
18806
25926
38065
18134
21585
9332
8687
30745
658
29589
43081
48789
30277
46547
37552
20444
779
14219
2950
30489
20892
8751
27210
10939
15038
40024
42957
3210
46545
29954
2318
20771
31720
6887
29718
15130
13927
2861
31078
32792
42617
12380
24211
3228
28534
1732
1509
34854
26879
7035
14853
24263
20427
8354
29708
28162
31923
27917
35861
27003
29079
36551
23339
18144
29771
17206
15560
36535
23250
22341
13081
29433
42366
49447
49488
442
20251
31683
8087
3390
36316
45459
14778
39570
24023
9131
14014
44565
44873
28445
44178
12609
1994
11463
30312
22584
10967
18676
48
42608
20899
31443
46957
23685
28117
25395
12065
14835
46245
7543
32070
6678
37652
32894
40928
22398
38551
42562
25714
37525
22427
14145
14942
13598
33960
17526
45811
12686
13774
15181
26105
43637
47853
30847
44794
21019
25129
42598
686
27742
5300
26482
13102
21645
40936
18214
48816
35113
37244
20744
4477
3217
35155
41385
8662
29627
14085
14970
39714
2916
22030
1943
31641
18612
38027
5503
199
1934
2470
9773
34340
5030
8799
42592
36498
11497
26442
25186
35357
27171
15506
45245
11548
9792
45890
46237
25445
44661
23110
46673
32182
5736
26640
41823
47393
34851
41943
15288
28709
1883
20502
45457
49166
22868
35676
22335
49795
23857
8029
17738
33285
37432
48795
1081
5592
4955
7414
33295
14110
16867
20905
18286
40637
31322
28161
5842
5708
3666
7363
27601
7757
1466
27046
28726
45844
36294
9125
39044
1822
47246
38043
35700
6685
28831
17391
40485
725
32264
37230
33670
38859
25603
6533
11263
21081
22124
14020
29837
37852
14973
37421
35404
13338
44751
22211
2153
15991
35196
33012
15155
40334
43041
39269
49967
43733
6819
11070
33426
17118
21409
19922
46578
48794
32040
3969
17171
8580
30598
47537
46334
36313
35853
27198
16136
43283
34691
7432
24039
4678
8337
16486
47896
26580
48322
34331
28411
47472
19922
33528
48178
35196
24309
25818
30654
32243
32722
7587
26079
11430
2284
39941
26146
13898
19439
25128
11889
46600
15250
46019
46574
38475
40185
46109
5146
13480
11314
14635
33670
16579
9155
45837
41486
23715
904
39960
17955
39324
42119
10659
36830
30910
30909
4473
46093
26396
34400
43642
33487
24622
48533
22417
37654
17743
4025
28172
27894
23950
4470
13651
37090
47776
18813
23614
34607
42223
47560
34561
618
4591
12367
4972
6436
42907
28580
47472
7186
11503
23023
4023
7603
46920
10201
16989
32399
5924
33084
40344
13843
43789
16951
4669
30586
1626
31411
36152
21955
26654
8403
8184
17798
41890
44020
9654
33938
4529
15741
3731
34343
22088
878
10261
38345
20492
35264
8182
8624
38107
15784
8628
6904
2735
49906
30545
9438
4550
910
5128
9880
13285
17154
25949
18662
3015
39800
29508
24801
13801
30535
31781
29541
30425
8290
3715
3589
43117
3238
29541
28833
44691
3124
24073
49041
39932
14461
45320
15241
10773
20163
43341
7197
20513
24258
10515
6747
14716
47008
31588
1132
1744
29
15098
85
1090
38306
20318
25262
1100
11042
44462
41783
43537
2508
44552
23650
17036
1946
32477
5684
35860
11005
29362
9441
19756
48206
16257
24993
21467
13386
5838
31526
37339
17612
6378
1715
2454
32748
8338
43065
8158
3715
6820
12761
19324
24598
13898
37918
14089
30835
3148
4242
44216
33139
14215
23548
3290
7984
33121
31503
7196
17876
47178
5184
10273
46273
44638
37339
5193
20356
7291
20223
5548
34831
1517
25612
23591
35749
38164
38023
44619
457
47012
24193
30219
31920
34221
5352
45700
6422
17868
46580
16864
49750
32590
39783
5814
4025
24356
28531
46356
7172
21416
12398
14923
46963
16940
35357
7457
17229
42553
43748
31915
47642
32484
43265
11256
9585
34947
21971
31798
49685
35580
18604
31230
6184
45114
49315
45658
21996
3816
15697
10349
20152
37315
17914
31477
47963
20293
43397
30301
21792
14714
35367
16774
17623
24588
16428
29728
21656
10660
47529
14537
12823
19346
28258
15520
46832
45044
48493
9663
31068
12411
3062
33939
39793
39286
2401
31069
46474
40361
41640
26873
30563
1535
20465
5258
10821
15350
34400
18200
15909
30373
11347
24885
48761
18859
30427
10438
30334
32685
14772
5824
37664
24544
15954
1759
26424
44248
8620
10312
14708
20490
18784
45068
41102
39155
37559
33567
33394
46697
19316
35702
30628
23507
4086
27518
33943
39476
18627
204
43506
45324
1530
47766
12707
3484
32004
37426
7190
15269
45564
38919
6984
7941
46198
49199
11296
8288
7216
9241
38587
2115
20610
21602
22337
35912
344
25821
44913
47387
13354
36831
49309
5325
24428
2013
11927
9062
49154
31429
4882
45517
32431
27068
35116
33754
42557
31579
13254
27662
10934
16075
30605
8664
11456
38923
33558
7687
17481
26032
23659
5150
45563
49708
46725
49361
13738
38147
3017
9686
30219
25031
48523
12399
14130
10678
18184
8951
7505
41865
26519
1747
5647
19168
11609
15879
28932
3037
48043
47126
12655
9503
9824
31379
36531
42915
410
44225
38781
48956
40387
13228
9266
18297
7408
42456
3973
12250
22521
6954
29583
44172
5123
49857
2445
34797
8656
29355
46945
28808
9235
13252
9741
36849
6443
17053
25996
2847
33699
8111
40496
47831
34412
18950
22295
32933
39562
16933
46668
19167
37321
20663
48724
26912
3170
27726
33482
16863
44419
22824
42993
30171
6726
16821
42133
44476
42007
28142
45863
33214
32511
45864
44419
46360
39700
24192
49092
28696
16470
14831
47556
4458
40748
7115
26903
9201
46821
39110
6680
39656
35996
20537
27841
10111
33923
34139
28661
13048
28908
36104
10906
25832
9705
29843
29441
4467
16329
37559
36301
17794
17151
36307
39552
40149
21665
3643
13550
49240
36602
28935
14111
1098
25722
20467
26411
13231
22448
35778
6001
16575
20044
5741
23411
33490
27802
4530
31360
9715
35137
27131
30673
8747
22691
28883
13368
46446
33972
23379
45567
35560
8485
27572
36932
22952
28490
32616
7118
44698
29208
33906
15931
14554
45356
47680
12961
4690
7504
8939
16188
13931
31441
4490
46898
34743
19805
27322
20851
49183
5526
33812
29544
9795
49180
45993
42446
21948
3584
47226
14893
49099
7950
14104
29265
46988
31193
7844
16923
19036
41412
5965
7596
44362
38185
31173
25189
30330
30074
1260
5166
47766
30699
29782
4834
38378
2775
18148
34438
46362
26881
34479
44332
37221
33929
26463
8294
7797
25539
48618
46115
38003
32503
43122
16958
26072
23131
34946
44502
10452
44540
48957
32097
29692
2785
14676
49525
30767
12171
21183
29826
6597
12428
49606
17661
19908
700
38155
25957
8227
36468
18955
19918
26940
32567
43618
22979
4593
41152
43316
18162
43691
41267
8703
18931
27275
23137
40263
5175
34581
13988
432
11583
35470
19742
21027
30698
25626
23780
19412
37917
9149
48311
27690
29455
34189
28447
20392
25380
30860
39773
42961
10177
42305
43380
3906
44798
27187
18571
27118
41822
37092
47796
21160
38993
9973
10012
19109
19865
27575
45773
30650
14887
31599
11638
43655
32257
32253
42482
913
6
16324
23940
13230
28792
24233
7950
30940
33061
40050
47802
10455
37244
42677
16311
25371
23863
13521
32688
29181
3711
35044
2264
41012
10768
44955
2055
25543
6022
37601
38322
34209
46776
26524
8473
45359
44420
24816
16405
15593
43582
33572
35684
47002
35183
19107
26355
14894
3207
44109
46307
11826
43279
46231
30754
31789
33284
33333
21623
24953
19312
17823
46128
2715
47884
33119
44126
12689
29097
39965
49507
7218
49841
49720
7992
46376
15827
33714
4100
22494
23509
37263
14191
25269
31253
38506
37183
9021
23692
9684
19102
9576
43800
7691
23932
13488
33902
2934
34277
24917
36890
29788
44599
24510
11025
48238
12679
45296
48121
18583
40939
19032
42357
26856
39169
40171
6115
48246
37882
44013
1021
8013
19787
3426
10894
33204
9255
33258
45391
35622
49284
21395
4532
18419
3944
7473
25690
29925
47564
26361
30473
17787
21403
8036
47100
29970
45018
612
46516
38248
24599
33523
20669
14201
4578
29407
20790
23817
12534
21954
4117
39109
17328
41524
33612
3584
20090
16889
15665
3242
12123
7675
39526
19057
8176
6571
22833
15584
18253
483
11183
28435
40061
24233
1495
44993
11115
39928
19693
30112
39650
25548
43524
11014
4398
49263
32701
40744
10343
47529
6103
29589
30083
2029
17502
49388
16039
8990
11856
3978
43457
1357
39658
25136
19868
36401
26531
13957
32157
47963
29027
37857
31694
38981
23709
32200
26129
41181
6545
39605
21801
24381
23276
49399
27385
23615
9895
30246
33707
25511
5519
15144
31436
45599
10426
14774
11430
36783
45483
48516
31422
24437
12671
35302
5897
383
42895
1590
44782
22138
42211
16413
42459
16172
41184
11562
48827
27480
26806
42738
921
35749
28613
1806
10478
7479
29836
26794
36694
39941
1170
29103
23878
1977
29935
25591
45230
39397
25566
32998
44871
26490
13360
31829
20624
25072
22967
20413
13674
11000
41642
19324
29563
49503
28383
30431
21698
30985
15982
25131
41118
1233
18612
26354
18351
46130
7138
22349
49251
7619
40440
31792
12175
3439
27156
25502
7884
43699
24503
8513
16634
816
4140
10592
29963
9076
16025
20522
22320
4442
46451
25558
43215
27065
32317
21672
24803
18234
14749
38438
42256
38763
26113
40772
44589
2062
15495
9559
25605
37312
8591
11193
43481
2667
42467
16693
46406
9797
28630
44616
29138
49006
28549
38008
46926
41857
4583
24432
19461
40105
31388
15007
12966
41522
25400
24661
1765
39943
43344
29811
28158
3131
11384
19037
43756
5782
9466
2910
22222
38554
43713
3501
21651
22209
17688
35870
14304
31292
41693
5550
7791
10457
9460
14718
11459
45568
31319
2572
30593
37252
29941
6956
41933
29157
24378
46579
15562
35967
17599
16274
36042
22360
45034
14475
32413
38169
31398
46315
21641
12115
2554
11841
32418
10914
22178
25728
19596
15470
4396
37869
22120
46070
24610
21065
17722
33707
535
39435
32987
36373
44649
23715
49943
32183
36344
9447
14807
5799
1061
45986
13407
23885
28619
2812
6805
32926
42863
34808
18893
26648
28932
47242
24284
25469
28956
12547
9635
15734
12836
11038
4042
4490
21863
46628
43753
1429
9209
42950
16709
43467
42719
28424
16288
20542
13406
7354
31376
11455
30418
5669
33198
27679
14654
19422
46372
16228
45398
35776
3303
7921
27416
394
39305
22272
35365
38645
3992
44452
43895
30703
5430
13972
27880
13062
6495
37002
9897
16631
12775
46017
2147
23336
31123
10353
25722
17643
44115
25405
21808
46873
40314
22724
40054
11305
6827
29660
12489
49563
24532
45667
44261
24182
43690
35696
12625
7531
49208
30700
18638
20143
46671
46076
23215
17990
49089
44297
22484
32369
27881
46154
10406
4659
2636
40703
14429
18300
48856
2146
19637
17667
14020
20212
26505
35329
1306
15499
29594
16632
11452
19067
7890
36860
7409
13933
5788
11404
21686
3035
27228
36261
28600
27957
9588
2943
16176
9035
35192
23339
34748
17202
21094
27606
38625
16475
19580
9020
14394
9854
40337
10932
584
21550
41872
18965
18547
2390
36823
36318
33536
30690
48348
37028
28087
29001
39254
33896
16828
12531
20963
28902
29063
2354
49340
19724
2221
46074
48242
31751
30688
36010
42484
5789
19558
48776
1872
18088
12081
9162
47112
18662
48824
4650
39645
39517
16984
28226
31972
41897
40688
34307
6162
46147
13709
19511
27784
34409
24895
36912
15369
39576
40151
5683
7897
25567
7840
19083
11603
7368
20799
46694
29161
10634
5792
44302
46140
14511
2983
45365
18034
43459
27083
25971
22291
18154
44081
27039
2779
11619
45188
39228
6052
17883
31384
33909
46543
29066
41782
38980
25706
37105
14891
10267
27970
36078
11377
7910
11434
44388
16463
210
33806
41595
197
28107
18389
1406
2374
27375
6319
20109
11874
33612
31377
44406
12677
10246
44388
9439
40140
15257
45657
34020
14075
18836
19708
30181
41762
17369
28857
28213
17277
5851
34449
7183
619
31248
11122
22531
44895
22842
2286
34975
19542
46621
32784
43505
33592
46082
43434
36015
26403
21205
1650
17656
19663
43556
2349
35767
11245
1943
16439
11343
42651
46905
9731
27340
48704
7504
525
39435
45008
49449
8300
7104
48372
43901
9693
48458
28600
26845
17597
43913
13425
13576
36543
41210
49107
2909
43492
20698
44665
27189
48736
15095
31288
8724
30992
10928
44128
34159
43746
9655
24066
2002
31292
34643
46723
42114
15073
33371
38868
47197
37792
26196
10582
40105
10085
17513
19722
29610
14993
2550
18129
19652
16631
42056
23722
27549
15450
11686
16114
34420
43576
20886
88
42170
24511
29928
28080
6426
44866
29714
17959
42800
2237
27611
27953
45464
10110
44184
36396
4257
3689
47585
5262
36756
35001
24
47694
43258
17252
36226
30684
6366
10671
31935
42707
40168
27590
37731
8756
22848
32170
9665
22222
41926
1775
37187
26872
40832
47046
34909
12221
20712
40728
35954
309
49404
27030
28597
9142
8022
22314
21897
30763
13610
37573
5691
28672
42802
6680
33031
25903
37675
37334
47272
1394
27604
39167
30430
23670
16046
33831
12702
39630
20666
42433
646
40681
13941
21949
39365
13868
43672
30907
25347
9352
45852
6768
38642
25263
39479
21389
49082
39413
20810
29047
19121
29873
32643
4085
13358
177
9838
27286
39066
15853
43190
31511
11120
25094
21769
21620
44135
47414
11011
7662
16031
25550
40998
7469
45014
44439
32150
49230
46418
14683
27066
13091
16119
18038
40173
12471
31570
25300
3911
40005
22821
35795
42688
1284
27517
47282
42295
1624
48281
24963
15848
7809
44459
42177
7803
1681
1163
11161
23167
21070
17736
3788
49450
29125
16150
23717
23429
14751
34987
2895
17509
19250
44644
43244
37447
38371
48804
11911
15853
37625
31708
38723
4521
23602
33779
2480
11988
12228
34089
36304
11145
10499
48114
6872
31462
40814
46203
23150
8291
48590
8429
30278
40002
43070
18362
6906
43146
48455
6959
45912
24263
37916
27438
8676
43426
18928
16507
44733
16051
41365
39625
20648
44882
11890
43407
24898
45080
17731
843
38331
1093
19964
10318
23641
44152
40026
24213
43895
48466
12252
31708
47589
18192
8276
32086
20348
7608
7485
35945
26166
39545
29318
48928
46875
2774
26920
47248
20826
37135
27858
15786
33358
19859
5140
42695
13542
37867
21710
47761
22656
17839
27100
23697
35825
32292
6549
13030
38119
30082
22517
40755
3635
28821
39832
44035
30260
47843
8245
46311
24554
36288
4153
21230
21458
44539
32168
7899
949
217
3525
30617
14149
19990
33302
15679
47864
21358
29764
35207
17687
40844
27577
17856
23778
31149
37332
22755
11326
34926
41444
20969
939
40652
13805
31857
39346
7034
45996
8470
20020
31725
12369
27738
9667
42998
15648
7673
39207
12989
23651
19724
34843
47741
40811
18345
23920
13610
18423
48497
34434
18195
39865
36576
25359
27275
49167
1389
35754
44776
12006
17671
33876
20656
17344
41938
60
49293
34419
22053
6202
9966
46800
12587
14548
9537
19469
34490
44794
36315
27322
8530
25654
17872
46210
41879
8814
12550
10573
15775
269
5992
33304
25707
34327
25346
10871
46773
45228
13816
20722
23780
39656
29642
18629
14501
42532
18780
43638
22841
37910
47613
33441
41106
39044
49958
35467
1486
45682
5144
3654
7135
5130
8777
20365
18973
36238
678
18879
14585
43064
49325
1369
33099
28545
8957
38381
4874
2532
19451
32478
10774
17163
29140
21640
33139
45805
49288
25915
16296
921
45631
41801
28843
12460
38447
41605
12396
37063
29829
6998
3201
38510
3923
28196
20501
26483
21572
29962
8605
20551
6323
15445
26113
9215
37841
26178
46915
18658
44278
19883
47357
41908
33693
38104
21738
22767
35821
4144
38199
36346
16555
39085
33599
45552
41848
41496
19885
725
9320
18103
12800
29776
5396
30370
32717
15406
37740
268
35028
40558
5248
46520
4935
14610
20531
23128
40469
21923
25895
9440
29549
24898
23875
41863
20497
33397
49823
49359
29044
7521
23851
3274
48765
1598
36263
27838
39143
35652
13120
43298
24855
1451
30449
2690
33699
2843
7366
532
15699
37383
12934
11312
15044
37863
28472
5857
6295
49635
8118
45240
35849
44172
25124
26067
21644
32299
18207
45244
10699
23146
33442
27519
19849
30661
15710
34947
26533
26642
14607
30451
6381
18950
7898
15977
10965
38336
8640
48570
2131
18166
16563
49042
6443
47216
7268
12939
35365
28246
4225
31977
20085
40786
18467
5333
38902
44407
39585
29773
33844
10303
20984
34972
13416
32432
49802
4189
20038
22005
13197
24379
9912
15653
45862
31433
2202
4371
27126
42774
40022
41090
38492
23793
29590
43837
489
13797
8935
33924
40223
176
4
37276
27066
40581
34129
29404
11265
46897
40219
29539
19073
15457
24494
37406
1828
43194
39782
34653
17057
18815
8213
29732
5339
34903
40029
22355
36654
5818
41709
6994
10943
13502
18990
3602
36079
16407
15724
8981
15864
45492
49420
37861
22120
45506
31974
42869
4901
13862
13405
29793
2264
24887
5377
12949
30010
35589
25069
27174
39096
22206
41964
46696
2092
38126
16935
892
46805
36702
26096
10030
23664
11626
28477
23638
36058
46022
23347
12490
35791
42746
18111
3318
45284
8209
10886
1599
33060
27558
34694
3076
23155
37551
27355
35221
46451
30298
32094
30812
6330
12894
9300
41326
12614
15552
35637
17681
22032
7891
26504
46896
14720
26931
47004
13018
9943
15148
12128
8586
34187
5197
32759
2451
22669
1518
45662
49503
36606
4893
27155
11068
1987
45203
12250
21269
27947
35249
37615
5662
9666
438
19585
27767
11704
29418
36136
31792
19419
5270
29076
801
4409
12213
3606
20007
45585
1068
9992
20666
18346
7576
32118
41755
8046
34729
22699
19911
8831
34354
49973
24904
45160
29230
17270
41423
12723
11007
24086
9279
7043
13098
43427
18805
33732
4353
23439
44272
19914
3486
32570
49936
857
38107
17626
29063
2012
4866
26954
8192
36772
23027
26533
11255
11062
9414
5529
41246
10048
31710
15197
30319
1467
34955
29031
48909
49433
15499
26068
45128
35109
13001
22346
49935
35688
45060
3239
32580
12616
30470
18391
48136
2612
14384
20964
45708
13817
7905
40400
34900
12518
34385
39859
40812
8844
26258
40858
42669
48469
6445
39272
27796
7552
972
158
23660
22184
20591
22358
563
15842
5497
31829
38948
40983
10755
31170
5032
25577
20627
37308
43939
21081
5659
19088
8235
12889
2405
19539
6713
22465
28350
26392
36530
3364
40462
5496
34719
18725
2741
34590
12038
10788
11108
45852
12565
16107
24179
6991
15664
34342
14141
37874
22653
42605
26169
38416
26410
10553
23408
39139
29999
40281
31701
42798
16896
41761
859
12597
7357
3814
41076
38565
15445
19016
38338
20871
1120
44735
15280
46958
48757
22877
7836
22706
9529
32464
14329
2569
43952
39178
35954
29723
34398
2919
49061
41592
39046
11344
32364
37570
3675
6785
21435
13018
36049
11103
8912
46638
30070
33972
19304
48005
1217
8160
45531
354
40609
4259
36959
9827
17750
9851
5088
43055
6872
947
8335
17599
8678
4552
5339
33994
576
21725
10813
41675
38981
1754
5551
17985
27550
10744
47856
30547
48619
907
45843
37687
6798
12332
5919
17117
11084
7906
27418
10267
13159
32365
42390
34957
7360
5866
16713
37634
33172
1667
31033
40145
7969
16478
17146
22226
33151
22420
29650
42552
31582
38131
17118
25016
2536
34539
13279
3430
8935
16770
25558
10808
21625
33766
33598
29227
39329
22303
45366
21287
13874
1771
38273
19546
33632
2475
22150
27673
8829
7588
23781
22708
8491
44546
42272
19234
28176
23166
27006
3066
41072
30175
47925
23417
36400
29590
35474
49323
48472
12566
24126
40769
26403
24464
1595
35710
13461
4263
43539
1846
45734
1881
30755
37827
14143
24998
462
16325
36699
14405
35493
5275
31795
32313
11656
12702
44031
43207
26178
7699
17484
2973
1743
3099
7007
43692
40689
17017
29173
33571
29897
49123
31329
20748
18437
4256
45568
21615
3826
1765
12223
9928
9354
27393
29016
49865
35144
5264
47932
33715
8066
19224
12946
3453
44286
31163
9556
31372
32652
7298
33515
29774
31252
22600
45206
21535
35889
19072
20925
19825
27835
24025
20529
2446
6988
1379
27447
31197
31724
2524
39653
4111
24016
48523
36307
20131
2468
49506
12031
16341
2873
28063
21958
5169
6980
27752
5340
1370
20028
5169
4411
16618
28992
26374
32561
38090
22774
48200
17418
29787
35955
14810
40646
1287
17633
19400
21966
17913
25780
33868
37355
48332
21145
21493
28023
34732
47210
39558
26184
33437
1829
17739
31072
48556
19827
28331
5737
32698
25534
30202
44454
33942
14659
43260
48208
28089
36946
43291
19878
24445
24218
49156
21444
37785
591
45166
20514
14451
7482
7942
32265
11918
21911
24644
30335
20751
10450
7106
26080
17816
37996
19436
5395
1169
2747
12024
39142
45097
31431
21578
21929
3329
9044
30518
43395
9189
28091
10696
15009
14046
7462
31968
25116
29492
4217
16805
32631
30314
3427
18146
16005
3949
15672
14961
44020
47714
6249
11475
38398
23349
20333
3930
2339
31691
41099
44435
30974
40051
12264
27074
14321
41116
7524
517
43137
22088
23538
37406
15597
18360
41725
15775
46560
2541
43715
45641
14813
1770
5565
28699
14433
1596
15644
12189
28342
37288
29567
45894
2169
16014
41471
1374
44500
37715
27808
20456
15620
28664
23506
46352
16426
37161
34255
21668
11684
10076
8522
18494
23986
19364
11688
39999
7732
18493
43543
44417
11531
21102
32394
1827
21919
7586
9267
38325
28712
36152
46633
26369
33632
17849
14459
9432
2674
29629
44521
20898
1798
8642
10310
9868
9247
431
27937
28674
26915
28923
13726
200
43894
8737
10155
31803
20861
22267
1812
36508
14288
41775
37525
12592
33767
8870
11437
47699
25508
23079
19556
26160
42238
31693
33680
4315
517
7044
33001
32256
134
12379
12152
11905
11977
8756
30722
33410
37768
7131
40070
22039
6010
24241
33133
32053
47081
42877
17662
32612
8473
43188
41649
49690
42876
38569
32924
33434
30018
34239
2329
7041
556
44335
11361
33588
48847
47929
26460
8990
20285
1940
15247
14027
27577
29875
40458
41498
22621
21917
20368
18460
33493
12108
32292
26079
21814
33726
41640
28890
19464
9294
25290
41480
33453
42512
25039
27007
13973
4262
36600
13636
9035
16249
31804
45726
20977
13604
10859
26527
4959
9438
7188
29641
9288
22241
32142
16898
44739
37352
34842
45791
24409
9897
29190
36621
10745
11046
22612
13883
34515
34750
43288
33993
10091
9053
5656
12350
25004
26150
42967
21042
20988
23664
36683
7019
43342
21896
48592
5284
35113
20987
4647
35322
33489
20701
36104
33706
30662
24555
29943
8070
10117
49901
15589
8192
26876
24142
49673
9591
48961
19420
22813
46910
45492
27136
1226
22243
41665
22816
38164
24448
35016
31967
27710
40016
40924
48922
522
35271
40065
30719
25905
20931
11537
33720
43162
39997
23361
45968
10767
31416
6892
37659
6875
63
46874
7581
7106
46302
11575
2205
17852
49339
36177
28546
28742
23752
48900
3570
38483
21580
2554
15476
18427
42913
31412
45462
21620
20332
195
45638
47231
36635
39339
42316
33023
34808
35970
9856
44753
13751
39246
46339
41352
37148
24135
46297
22367
19996
16067
22422
5363
11679
49704
41118
5172
24394
9141
23033
34998
21885
20997
16299
30601
7956
36226
35424
2361
15946
38766
10729
22184
33412
8079
37223
15252
37834
25934
15581
24017
12346
28901
48984
14968
41450
14403
27926
43604
30437
11933
40335
23408
38269
7753
35943
37714
139
3553
12223
36865
16306
43129
14083
27830
46767
44406
13967
26091
18037
16664
33825
39314
41621
36281
1789
25035
24985
14816
45542
40729
15714
29228
2616
20761
44132
18634
25228
45901
28965
35649
32549
36954
4503
47127
5647
45146
24299
34042
17616
36596
38607
29245
21747
14745
29926
17727
40944
44043
819
32960
9637
8900
10274
41687
19974
2785
2706
40961
25665
14089
43209
44058
5741
19442
49104
381
6324
29679
49726
25461
44791
1683
48203
44757
17169
6354
10396
49898
7031
8735
24318
27470
3553
39481
32632
36600
34858
30330
30670
35330
9235
4129
44077
9408
8352
2399
39028
43928
43658
22017
27900
47512
44490
33774
26328
49765
7130
31976
34594
25590
26288
20860
24649
31991
49012
44842
33968
19545
10647
6385
39846
3752
45924
491
25112
39640
16515
27573
30196
37745
17829
3796
15967
8908
29444
45051
45797
9797
43858
22793
39276
31233
43507
34718
25466
1883
10409
22147
35729
9086
31660
46192
46224
8982
31911
19491
37296
17648
673
37903
16976
44375
10991
47191
14784
11369
31113
20803
8397
15246
20439
46421
32937
35905
45447
44643
47064
16493
1042
40040
37446
26956
38785
13722
25388
33300
31843
3926
34440
14115
22451
33988
22562
42456
32345
233
46411
49118
31334
34943
44396
15992
9869
48007
37151
45780
35376
20160
30526
45443
44137
40417
20514
24970
46298
37991
33611
2102
32707
4624
11763
13853
28244
49608
20345
30183
2206
30523
28664
36940
20502
12016
31727
26874
46459
14594
5258
29247
11784
35498
23522
573
29461
3649
39838
22035
40676
6707
32540
48521
20068
2700
42435
26371
27792
31839
3089
47469
22810
37283
22595
43571
28304
12703
29384
37967
32793
5386
39912
41100
10135
40311
13133
11178
14296
38975
42185
10509
4919
10777
5624
7388
26452
44880
38924
38785
29304
36179
37421
49036
36929
7691
28069
22538
15182
36206
38097
30316
8941
36203
34819
6998
14699
48784
38789
32611
39815
10
15743
21802
18932
27312
2868
37157
37600
28962
95
34611
7036
33419
19348
4795
13351
10467
37890
1125
27625
11208
47161
11818
11459
6654
42273
44074
23929
33866
47183
31503
47342
25824
10037
17323
44417
14405
38469
42539
3162
31265
28538
2320
19452
25223
34670
16178
15730
47409
37024
31885
6069
34046
34793
39674
38510
10880
48918
20093
48075
23409
17372
17312
46459
5571
34120
7336
41630
6735
13246
16080
37938
4176
29703
17461
40136
42761
35188
20472
28368
5309
19120
43303
42633
12790
28408
21057
2644
25688
1559
18046
4219
922
28128
33957
2854
32414
7500
35920
23306
1082
30608
49189
42943
46103
19355
6950
5848
27129
27417
16525
35300
47712
30415
10541
9151
45532
7729
44195
11894
11365
34271
43305
35760
47610
31582
23696
28124
23467
37920
13875
6501
47840
32325
45773
4838
9420
40450
28394
37378
31237
33326
23270
46200
43144
34127
31402
42533
44042
29402
38099
38789
49843
39906
1781
30370
26750
19657
31389
37771
14791
4065
16465
12911
17382
37903
32266
15340
16341
14883
25471
41081
19076
44339
28027
9382
28287
3105
39031
18983
10835
21631
11070
33037
32214
15067
3605
28612
39072
15240
42621
12214
37582
23199
7707
10231
25672
12063
17029
27241
4652
22943
8111
19001
36169
8627
37801
5338
26113
3593
47533
28298
25465
48519
42906
22040
31611
18912
16448
34977
30824
11353
33567
6359
23631
21984
4203
22009
47906
1732
41655
31886
37877
49492
45961
2943
31839
6832
47664
12535
22609
46256
14690
11221
33169
44177
49586
32859
35529
10030
37562
41823
6700
7992
14622
14738
49204
22325
42906
899
39090
34091
13425
12509
26807
39704
28851
13182
47124
47039
11629
7066
9950
43158
39479
19003
37250
49350
423
19001
29046
46582
5595
22182
25714
47653
6367
44777
45162
26978
11993
6441
35071
36468
5442
44857
13560
15092
42871
46728
44708
2770
16018
15416
28527
4492
45902
38624
18957
4963
2361
46784
33991
25453
34124
16968
49544
45115
13549
30452
23586
23543
39175
9958
35819
39273
46751
39451
4284
33332
24259
3683
26225
41305
48826
31901
38388
10082
25537
34542
27107
20584
18335
37933
5139
17411
29159
33025
30783
42393
38350
24660
17096
28927
34028
21185
17889
33022
18167
29343
28562
29850
38591
13334
48274
9034
5377
12270
48424
39645
38333
37937
22056
35433
29812
47607
5122
39087
25922
36964
31509
45123
1288
19567
4893
25805
11096
3329
4983
20832
47729
6015
1433
48328
44543
16987
28759
32972
3384
12634
4688
14856
28440
14339
41935
35450
49312
2273
14943
7924
12373
23749
32558
48727
32534
49652
37620
22205
32232
20208
22126
16873
25562
44235
1993
32825
32553
10164
25792
45850
36728
44509
2756
22011
21567
45895
31248
32173
49353
2577
26292
8375
32470
27476
1429
16837
27497
26549
25837
49421
42165
1411
45437
27762
24181
43299
30094
1779
39735
41471
45111
27880
9883
28879
43925
5577
24688
7199
33551
35611
46636
4514
19330
36876
41076
8100
32872
9371
49837
42192
37071
4095
14813
834
43945
32024
516
13951
18427
10213
35394
775
28982
31658
11918
7301
10625
12360
4899
29768
25492
28301
33850
20898
27264
41783
27812
21061
44942
5479
42401
46580
40209
15944
8578
30078
13691
17015
39589
24341
1071
18152
38003
26986
11607
26263
33575
30224
28965
15406
24750
9127
37780
29168
41597
36417
22072
6480
674
46771
36811
937
30348
22044
49694
16485
22421
34996
47927
48528
24972
3791
30289
13972
36826
37333
9914
14645
