3822
42108
39027
26637
40196
3161
42149
344
48041
46453
26173
30944
31662
41687
19184
42827
7311
35882
45452
20253
25471
45498
49113
23051
24031
730
29815
3248
6266
44408
46872
24646
4118
2995
30307
6279
29980
49598
46570
41926
27741
12637
14935
30822
10238
42259
5484
42372
48349
41921
24434
47467
3221
30876
33055
27577
5092
36079
28980
17028
46926
45751
1241
33246
22773
37648
26468
30762
32232
13354
45693
29652
30619
32450
18696
37873
672
49537
27350
39480
16960
44475
4363
9754
49456
32389
44220
38975
2415
14637
3131
47313
41957
47684
49825
23735
15665
43579
443
30840
35527
38501
4528
35386
20452
33906
33366
21908
39609
17262
27278
16162
46861
12858
20715
16745
49880
17005
31820
18598
48625
16457
21844
48855
18772
2784
42936
16665
20840
48264
11852
38038
24596
36634
2524
7005
20110
20314
24908
36663
2370
12885
19221
20807
2164
35246
34840
40830
5154
49437
13099
38907
18810
27805
26922
13604
49827
105
2242
31116
18040
23202
48353
5571
18225
21178
7652
31593
395
20386
45041
12576
23872
43764
9236
22111
15954
15615
25809
46844
16604
6195
38230
24822
7633
2634
32307
36425
6397
40657
44424
26695
23006
49269
387
26224
7576
47142
46066
28992
47737
7171
40563
32011
22160
47061
40062
15071
22685
45679
23497
49690
1850
38429
48204
10749
7194
47188
730
35226
40852
17158
13277
27419
1046
372
9859
22916
16485
20673
22112
48064
17047
48997
19990
45168
32037
44252
2052
43243
11580
5444
48193
4969
21624
40245
40996
13764
2403
3973
46506
21752
30045
6120
25994
2697
35105
4857
37845
25377
18102
21508
4699
29058
32643
37446
5940
4499
16093
49227
31846
41610
5520
9081
47934
12811
32418
27930
24280
42488
41893
10850
48364
22569
26516
31815
43684
21589
14339
8554
44048
3371
25293
4009
2799
44750
12249
14134
31901
47936
15067
28311
11189
25724
3617
46387
19771
1112
24754
45074
47274
20891
31730
10455
12220
16248
17021
18385
12807
16932
30720
3661
27763
104
39056
10749
20321
22495
39119
4945
16375
18182
45615
11519
43115
5739
23598
43334
39133
48128
38952
11543
41761
30584
8996
478
37686
1255
10698
23958
43901
39370
27577
27366
33391
18966
34958
35551
21968
30671
42701
26763
18378
32133
13181
14261
34444
653
12016
8250
19973
39599
31553
22508
14537
12690
10842
44512
36251
19255
49138
28905
45008
688
1897
43415
33518
49327
15103
9049
18449
2748
1213
25094
49011
29320
26148
41458
8211
47515
36274
32812
32916
23851
34851
41563
89
2702
6492
43046
35496
19118
49475
29434
1547
21595
41931
46279
26917
18204
4821
24098
15118
43912
4521
30055
1029
48691
43087
10019
24933
37359
14270
13929
32459
36316
21607
32132
3817
6381
9832
24664
6891
11833
14565
9918
41853
47614
2821
38299
29753
3253
19829
12107
20576
33954
10467
16429
28492
5732
43168
10519
25780
38318
5393
35372
8772
44505
748
4007
13039
35992
22187
48390
9980
49559
45841
45249
42591
12410
46544
20632
36305
41920
40726
33563
34438
19856
2200
18583
25107
14470
29367
39694
10901
48676
39783
31793
17711
13197
962
24592
19456
25968
20390
3754
4034
28441
18213
42097
24661
38269
13080
20817
2675
10815
42953
36883
37403
45045
16288
495
47137
12879
5340
11192
30496
24648
14106
25512
7304
31757
5644
31739
8364
8717
8065
168
21837
34892
492
26645
24586
21244
9527
13183
14929
34417
45048
37536
4798
36616
6422
30931
40729
27989
24981
28858
28222
42290
3512
48706
29255
38619
16297
8530
17599
6879
46188
25918
47414
14359
43341
6934
5634
44620
460
41753
40301
35579
32455
8212
8199
49347
20425
38292
49130
48781
36046
48528
37317
16407
1964
1868
43066
18253
10466
31686
39737
27256
31156
30465
48093
31947
48491
7716
42262
38307
44028
42316
21864
23604
45336
35402
38789
38347
43010
24391
30908
37898
25022
35583
14638
11573
4182
17338
37998
21840
46438
11795
49365
4773
48543
9978
1153
38830
41208
17168
7501
23395
5566
13028
37614
6348
15718
11357
24814
44932
17133
22577
12168
42855
18618
10400
16093
23601
40226
14628
30441
42488
27803
33739
4247
43667
12871
11198
1996
37777
47646
24118
8172
35205
43850
581
10007
5168
29793
2820
21717
17102
6315
5805
29422
45842
33197
41777
26341
4882
21266
23337
19745
47164
6345
30338
2279
4534
12267
21701
2689
14008
48237
37308
18354
24212
3799
38503
21332
27485
25685
23396
23058
27148
19928
12433
35348
45690
45247
11191
35449
4720
23527
20521
17793
48180
38587
18030
11642
25966
30461
16847
20456
25317
3654
42987
3341
46493
17200
32434
27905
13608
7999
23595
4919
24089
25153
29580
6583
27184
3379
45041
15770
15560
47220
45401
44245
22213
35845
20124
31574
1821
20229
17702
14646
23739
30108
44290
3362
27755
25812
45887
22648
33812
14597
29509
35660
17736
27098
12545
36468
21321
15419
1942
24495
13721
12532
14048
2664
23927
41712
24178
4877
1349
21334
6580
31540
16649
40356
2794
24537
9285
17669
15473
37700
22992
24724
7594
8989
46894
32804
15691
48456
37169
33510
40304
18518
15306
13591
8797
7401
14375
14836
2467
37794
25932
26893
17595
46656
32696
28034
48908
34471
33219
44816
20962
39925
35745
39822
11773
8776
10218
17614
22036
19316
14862
15864
6398
1398
33086
8271
11679
10779
29455
26904
34059
20233
48020
5292
33261
15134
18157
11030
29626
1684
25426
47347
26167
39766
15667
37709
34264
4799
40650
4198
30315
20680
14487
15311
21247
30128
47821
17408
32230
46929
21927
13440
38316
25114
8521
47184
40505
9989
18237
6979
36804
41100
673
18986
25903
7118
390
22940
46039
44514
13451
21014
29886
5915
34736
13958
3382
626
45078
46938
45914
31524
43320
11380
6972
13067
13845
16731
22004
15906
17706
40320
28134
6338
23238
35087
48564
14719
12304
38078
38547
721
13013
9107
26531
32407
25423
2475
22379
41104
34607
40786
30554
29169
11934
22842
6459
9067
15038
43021
45297
9391
24328
26644
8129
21022
31287
16418
2398
5266
19711
8041
31525
42939
18044
1461
19626
14932
19764
23556
18747
37982
46772
47523
32998
26724
36039
24027
28608
952
34196
36005
5876
20564
22210
13960
12022
1293
9677
26215
4621
47613
7808
19961
4505
20126
37643
