29480
20250
3934
13142
4320
41827
29987
38233
2585
21933
23529
39659
37142
17635
6080
45020
30121
34001
1100
49883
32062
7966
26694
30052
39832
19748
6584
46611
49983
33873
16063
49301
43805
20638
37844
16314
26248
28842
48806
37992
16661
16715
4376
41715
47695
31598
49433
29139
32033
326
34325
17818
29162
11678
45773
15866
12314
16702
14234
39017
8479
35696
26337
38579
47528
27100
41350
49284
9019
30393
28157
36879
26262
18349
18310
20521
26132
24006
22199
30099
49079
4287
25876
27146
19455
11632
21972
36414
9698
49428
16507
18747
41201
23834
42542
23184
10421
1746
26775
566
